
Accuracy_score
0.9405439595192916
f1_score
0.9399761667224151
Matthews_corrcoef
0.9357274041453889
C_Matrix
[[ 52   0   0   0   0   0   0   0   0   0   0   0   0   0   0   0]
 [  0  80   0   0   0   0   0   0   0   0   0   0   0   0   0   0]
 [  0   0 129   6   0   0   0   0   0   0   0   2   0   0   0   0]
 [  0   0   8 116   0   0   0   0   0   0   0   0   0   0   0   0]
 [  0   0   0   0 100   0   0   0  33   0   0   0   0   0   0   0]
 [  0   0   1   0   0   7   0   0   1   0   0   0   1   0   0   0]
 [  0   0   0   0   0   0 117   0   0   0   3   0   0   0   0   4]
 [  0   0   0   0   0   0   0 131   0   0   0   0   0   0   0   0]
 [  0   0   0   0  11   0   0   0 120   0   0   0   0   0   0   0]
 [  0   0   0   0   0   0   0   0   0   0   0   0   0   0   0   1]
 [  0   0   1   0   0   0   4   3   0   0 170   0   0   0   0   5]
 [  0   0   0   0   0   0   0   0   0   0   0  69   0   0   0   2]
 [  0   0   0   0   0   0   0   0   0   0   0   2 117   0   0   0]
 [  0   0   0   0   0   0   0   0   0   0   0   0   0  39   0   0]
 [  0   0   0   0   0   0   0   0   0   0   0   0   0   0 109   0]
 [  0   0   0   0   0   0   1   1   0   0   3   0   0   0   1 131]]