
Accuracy_score
0.9342188488298545
f1_score
0.9340014661793015
Matthews_corrcoef
0.9287257756880628
C_Matrix
[[ 51   0   0   0   0   0   0   0   0   1   0   0   0   0   0   0]
 [  0  80   0   0   0   0   0   0   0   0   0   0   0   0   0   0]
 [  0   0 125   8   0   0   1   0   0   0   2   0   0   0   0   1]
 [  0   0   6 118   0   0   0   0   0   0   0   0   0   0   0   0]
 [  0   0   0   0 105   0   0   0  26   0   0   0   0   2   0   0]
 [  0   0   0   0   0   9   0   0   0   0   0   0   1   0   0   0]
 [  0   0   0   0   0   0 117   0   0   0   2   0   0   0   0   5]
 [  1   0   0   0   0   0   0 130   0   0   0   0   0   0   0   0]
 [  0   0   0   0  16   0   0   0 114   0   0   0   0   1   0   0]
 [  1   0   0   0   0   0   0   0   0   0   0   0   0   0   0   0]
 [  1   0   0   0   0   0   3   3   0   0 172   0   0   0   0   4]
 [  0   0   0   1   0   0   0   0   0   0   2  61   1   0   0   6]
 [  0   0   0   0   1   0   0   0   0   0   0   0 118   0   0   0]
 [  0   0   0   0   0   0   0   0   0   0   0   0   0  38   1   0]
 [  0   0   0   0   0   0   0   0   0   0   0   0   0   0 109   0]
 [  1   0   0   0   0   0   3   1   0   0   1   1   0   0   0 130]]