
Recall_score
0.9291587602783049
Precission
0.9293155261336714
Spesificy_score
0.9811320754716981
Accuracy_score
0.9291587602783049
Matthews_corrcoef
0.9232665019917631
f1_score
0.928659508456045
C_Matrix
[[ 52   0   0   0   0   0   0   0   0   0   0   0   0   0   0   0]
 [  0  80   0   0   0   0   0   0   0   0   0   0   0   0   0   0]
 [  0   0 127   8   0   1   0   0   0   0   0   1   0   0   0   0]
 [  0   0   8 115   0   0   1   0   0   0   0   0   0   0   0   0]
 [  0   0   0   0 102   0   0   0  31   0   0   0   0   0   0   0]
 [  0   0   0   0   0   8   0   0   1   0   0   0   1   0   0   0]
 [  0   0   0   0   0   0 113   0   0   0   4   1   0   0   2   4]
 [  0   0   0   0   0   0   0 131   0   0   0   0   0   0   0   0]
 [  0   0   0   0  16   0   0   0 115   0   0   0   0   0   0   0]
 [  1   0   0   0   0   0   0   0   0   0   0   0   0   0   0   0]
 [  0   0   0   0   0   0   3   3   0   0 172   1   0   1   0   3]
 [  0   0   0   0   0   0   0   0   0   0   1  63   2   0   0   5]
 [  0   0   0   0   0   0   0   0   0   0   0   2 117   0   0   0]
 [  0   1   0   0   0   0   0   0   0   0   0   0   0  38   0   0]
 [  0   0   0   0   0   0   0   0   0   0   0   0   0   0 109   0]
 [  0   0   0   1   0   1   3   2   0   0   1   1   0   0   1 127]]