
Accuracy_score
0.9304237824161923
f1_score
0.9299290344522246
Matthews_corrcoef
0.925036784741477
C_Matrix
[[ 52   0   0   0   0   0   0   0   0   0   0   0   0   0   0   0]
 [  0  80   0   0   0   0   0   0   0   0   0   0   0   0   0   0]
 [  0   0 131   5   0   0   0   0   0   0   0   0   0   0   0   1]
 [  0   0   7 116   0   0   1   0   0   0   0   0   0   0   0   0]
 [  0   0   0   0  92   0   0   0  40   0   0   0   1   0   0   0]
 [  0   0   0   0   0   8   0   0   1   0   0   0   1   0   0   0]
 [  0   0   1   0   0   0 117   0   0   0   1   0   0   0   0   5]
 [  0   0   0   0   0   0   0 128   3   0   0   0   0   0   0   0]
 [  0   0   0   0   9   0   0   0 122   0   0   0   0   0   0   0]
 [  0   0   0   0   0   0   0   0   0   0   0   0   0   0   0   1]
 [  0   0   0   0   0   0   3   3   0   0 169   1   0   0   0   7]
 [  0   0   0   0   0   0   0   0   0   0   1  63   1   0   0   6]
 [  0   0   0   0   0   0   0   0   0   0   0   1 118   0   0   0]
 [  0   1   0   0   0   0   0   0   0   0   0   0   0  36   1   1]
 [  0   0   0   0   0   0   0   0   0   0   0   0   0   0 109   0]
 [  1   0   0   0   0   0   0   1   0   0   2   0   0   0   3 130]]