
Accuracy_score
0.9278937381404174
f1_score
0.9274202255174598
Matthews_corrcoef
0.9218032111387894
C_Matrix
[[ 52   0   0   0   0   0   0   0   0   0   0   0   0   0   0   0]
 [  0  80   0   0   0   0   0   0   0   0   0   0   0   0   0   0]
 [  0   0 127   7   0   0   0   0   0   0   1   1   0   0   0   1]
 [  0   0   2 121   0   0   1   0   0   0   0   0   0   0   0   0]
 [  0   0   0   0 104   0   0   0  26   0   0   0   3   0   0   0]
 [  0   0   0   0   0   9   0   0   1   0   0   0   0   0   0   0]
 [  0   0   0   0   0   0 114   0   0   0   4   0   0   0   3   3]
 [  0   0   0   0   0   0   0 130   0   0   0   0   1   0   0   0]
 [  0   0   0   0  26   0   0   0 104   0   0   0   1   0   0   0]
 [  0   0   0   0   0   0   0   0   0   0   0   0   0   0   0   1]
 [  0   0   0   0   0   0   3   3   0   0 172   1   0   0   0   4]
 [  0   0   0   0   0   0   1   0   0   0   1  66   1   0   0   2]
 [  0   0   0   0   1   1   0   0   0   0   0   2 115   0   0   0]
 [  0   0   0   0   0   0   0   0   0   0   0   0   0  38   1   0]
 [  0   0   0   0   0   0   0   0   0   0   0   0   0   0 109   0]
 [  0   0   0   0   0   0   4   1   0   0   3   2   0   0   1 126]]