
Accuracy_score
0.9709044908285895
f1_score
0.9705534572337181
Matthews_corrcoef
0.9684864656425788
C_Matrix
[[ 52   0   0   0   0   0   0   0   0   0   0   0   0   0   0   0]
 [  0  80   0   0   0   0   0   0   0   0   0   0   0   0   0   0]
 [  0   0 131   5   0   0   0   0   0   0   0   1   0   0   0   0]
 [  0   0   3 121   0   0   0   0   0   0   0   0   0   0   0   0]
 [  0   0   0   0 120   0   0   0  13   0   0   0   0   0   0   0]
 [  0   0   0   0   0  10   0   0   0   0   0   0   0   0   0   0]
 [  0   0   0   0   0   0 120   0   0   0   2   0   0   0   0   2]
 [  0   0   0   0   0   0   0 131   0   0   0   0   0   0   0   0]
 [  0   0   0   0   2   0   0   0 128   0   1   0   0   0   0   0]
 [  0   0   1   0   0   0   0   0   0   0   0   0   0   0   0   0]
 [  0   0   0   0   0   0   1   0   0   0 179   0   0   0   0   3]
 [  0   0   0   0   0   1   0   0   0   0   0  66   2   0   0   2]
 [  0   0   0   0   0   0   0   0   0   0   0   1 118   0   0   0]
 [  0   0   0   0   0   0   0   0   0   0   0   0   0  38   1   0]
 [  0   0   0   0   0   0   0   0   0   0   0   0   0   0 109   0]
 [  1   1   0   0   0   0   1   1   0   0   1   0   0   0   0 132]]