
Accuracy_score
0.9323213156230234
f1_score
0.9319759743946929
Matthews_corrcoef
0.9268165743644132
C_Matrix
[[ 52   0   0   0   0   0   0   0   0   0   0   0   0   0   0   0]
 [  0  80   0   0   0   0   0   0   0   0   0   0   0   0   0   0]
 [  0   0 124  11   0   0   0   0   0   0   1   0   0   0   0   1]
 [  0   0   4 120   0   0   0   0   0   0   0   0   0   0   0   0]
 [  0   0   0   0 101   0   0   0  32   0   0   0   0   0   0   0]
 [  0   0   0   0   0  10   0   0   0   0   0   0   0   0   0   0]
 [  0   0   0   0   0   0 115   0   0   0   3   0   0   0   1   5]
 [  0   0   0   0   0   0   0 130   0   0   1   0   0   0   0   0]
 [  0   0   0   0  14   0   0   0 117   0   0   0   0   0   0   0]
 [  0   0   0   1   0   0   0   0   0   0   0   0   0   0   0   0]
 [  0   0   1   0   1   0   5   1   0   0 165   0   0   0   0  10]
 [  0   0   0   0   0   0   0   0   0   0   0  70   0   0   0   1]
 [  0   0   0   0   0   0   0   0   0   0   0   5 114   0   0   0]
 [  0   0   0   0   0   0   0   0   0   0   0   0   0  39   0   0]
 [  0   0   0   0   0   0   0   0   0   0   0   0   0   0 109   0]
 [  1   0   0   0   1   1   2   1   0   0   0   2   0   0   1 128]]