
Accuracy_score
0.9645793801391525
f1_score
0.9641861870005635
Matthews_corrcoef
0.961641593930045
C_Matrix
[[ 50   0   0   0   0   0   0   0   0   0   0   0   2   0   0   0]
 [  0  80   0   0   0   0   0   0   0   0   0   0   0   0   0   0]
 [  0   0 133   4   0   0   0   0   0   0   0   0   0   0   0   0]
 [  0   0   4 120   0   0   0   0   0   0   0   0   0   0   0   0]
 [  0   0   0   0 124   0   0   0   4   0   0   0   5   0   0   0]
 [  0   0   0   0   0   8   0   0   0   0   0   0   2   0   0   0]
 [  0   0   0   0   0   0 118   0   0   0   2   0   0   0   1   3]
 [  0   0   0   0   0   0   0 130   0   0   0   0   1   0   0   0]
 [  0   0   0   0  14   0   0   0 114   0   0   0   3   0   0   0]
 [  0   0   1   0   0   0   0   0   0   0   0   0   0   0   0   0]
 [  0   0   0   0   0   0   1   0   0   0 179   0   0   0   0   3]
 [  0   0   0   0   0   0   0   0   0   0   0  71   0   0   0   0]
 [  0   0   0   0   0   0   0   1   0   0   0   2 116   0   0   0]
 [  0   0   0   0   0   0   0   0   0   0   0   0   0  39   0   0]
 [  0   0   0   0   0   0   0   0   0   0   0   0   0   0 109   0]
 [  0   0   0   0   0   0   0   1   0   0   1   1   0   0   0 134]]