
Accuracy_score
0.9285262492093611
f1_score
0.9285606227184394
Matthews_corrcoef
0.9224891775876908
C_Matrix
[[ 52   0   0   0   0   0   0   0   0   0   0   0   0   0   0   0]
 [  0  80   0   0   0   0   0   0   0   0   0   0   0   0   0   0]
 [  0   0 131   6   0   0   0   0   0   0   0   0   0   0   0   0]
 [  0   0   9 115   0   0   0   0   0   0   0   0   0   0   0   0]
 [  0   0   0   0 108   0   0   0  25   0   0   0   0   0   0   0]
 [  0   0   0   0   0   9   0   0   0   1   0   0   0   0   0   0]
 [  0   0   0   0   0   0 115   0   0   0   3   0   0   0   0   6]
 [  0   0   0   0   0   0   0 128   0   0   2   0   1   0   0   0]
 [  0   0   0   0  19   0   0   1 110   0   1   0   0   0   0   0]
 [  1   0   0   0   0   0   0   0   0   0   0   0   0   0   0   0]
 [  0   0   2   1   0   0   3   1   0   0 170   0   0   0   0   6]
 [  0   0   0   0   0   1   0   0   0   0   1  68   0   0   0   1]
 [  0   0   1   0   1   0   0   0   0   0   1   3 113   0   0   0]
 [  0   0   0   0   0   0   0   0   0   0   0   0   0  37   2   0]
 [  0   0   0   0   0   0   0   0   0   0   0   0   0   0 109   0]
 [  2   1   0   0   2   1   3   1   0   0   4   0   0   0   0 123]]