
Accuracy_score
0.9316888045540797
f1_score
0.9310699673760389
Matthews_corrcoef
0.9261596044562017
C_Matrix
[[ 52   0   0   0   0   0   0   0   0   0   0   0   0   0   0   0]
 [  0  80   0   0   0   0   0   0   0   0   0   0   0   0   0   0]
 [  0   0 124   9   0   0   0   0   0   0   1   0   0   0   2   1]
 [  0   0   5 119   0   0   0   0   0   0   0   0   0   0   0   0]
 [  0   0   0   0 102   0   0   0  31   0   0   0   0   0   0   0]
 [  1   0   0   1   0   7   0   0   0   0   0   0   1   0   0   0]
 [  0   0   0   0   0   0 114   0   0   0   2   0   0   0   2   6]
 [  0   0   0   0   0   0   0 130   0   0   0   0   1   0   0   0]
 [  0   0   0   0  11   0   0   1 119   0   0   0   0   0   0   0]
 [  0   0   1   0   0   0   0   0   0   0   0   0   0   0   0   0]
 [  0   0   0   0   0   0   5   2   1   0 166   0   0   1   0   8]
 [  0   0   0   0   0   0   0   0   0   0   0  71   0   0   0   0]
 [  0   0   0   0   0   0   0   0   0   0   0   4 115   0   0   0]
 [  0   0   0   0   0   0   0   0   0   0   0   0   0  37   2   0]
 [  0   0   0   0   0   0   0   0   0   0   0   0   0   0 109   0]
 [  1   1   0   0   0   1   4   1   0   0   0   1   0   0   0 128]]