
Accuracy_score
0.051233396584440226
f1_score
0.010684403531507902
Matthews_corrcoef
-0.010583338818121873
C_Matrix
[[  0   0   0   0   0   0   0   0   0   0   0  52   0   0   0   0]
 [  1   0   0   0   0   0   0   0   0   0  33  46   0   0   0   0]
 [  0   0   0   0   0   0   0   0   0   0   8 129   0   0   0   0]
 [  0   0   0   0   0   0   0   0   0   0  17 107   0   0   0   0]
 [  0   0   0   0   0   0   0   0   0   0  55  78   0   0   0   0]
 [  0   0   0   0   0   0   0   0   0   0   4   6   0   0   0   0]
 [  0   0   0   0   0   0   0   0   0   0  22 102   0   0   0   0]
 [  0   0   0   0   0   0   0   0   0   0   4 127   0   0   0   0]
 [  0   0   0   0   0   0   0   0   0   0  22 109   0   0   0   0]
 [  0   0   0   0   0   0   0   0   0   0   0   1   0   0   0   0]
 [  1   0   0   0   0   0   0   0   0   0  12 170   0   0   0   0]
 [  0   0   0   0   0   0   0   0   0   0   2  69   0   0   0   0]
 [  0   0   0   0   0   4   0   0   0   0   6 108   0   1   0   0]
 [  0   0   0   0   0   0   0   0   0   0  11  28   0   0   0   0]
 [  0   0   0   0   0   0   0   0   0   0  50  58   0   1   0   0]
 [  0   0   0   0   0   0   0   0   0   0  20 117   0   0   0   0]]