
Recall_score
0.9316888045540797
Precission
0.9322945419117133
Spesificy_score
1.0
Accuracy_score
0.9316888045540797
Matthews_corrcoef
0.9260162672414686
f1_score
0.9314318178894212
C_Matrix
[[ 52   0   0   0   0   0   0   0   0   0   0   0   0   0   0   0]
 [  0  80   0   0   0   0   0   0   0   0   0   0   0   0   0   0]
 [  0   0 126   8   0   0   0   0   0   0   1   0   0   0   2   0]
 [  0   0   8 116   0   0   0   0   0   0   0   0   0   0   0   0]
 [  0   0   0   0 108   0   0   0  25   0   0   0   0   0   0   0]
 [  1   0   0   0   0   8   0   0   1   0   0   0   0   0   0   0]
 [  0   0   0   0   0   0 111   0   0   0   2   0   0   0   2   9]
 [  0   0   0   0   0   0   0 131   0   0   0   0   0   0   0   0]
 [  0   0   0   0  16   0   0   0 115   0   0   0   0   0   0   0]
 [  0   0   0   1   0   0   0   0   0   0   0   0   0   0   0   0]
 [  0   0   1   0   1   0   8   1   0   0 166   0   0   0   0   6]
 [  0   0   0   0   0   0   0   0   0   0   0  69   0   0   0   2]
 [  0   0   0   0   1   0   0   0   0   0   0   5 113   0   0   0]
 [  0   0   0   0   0   0   0   0   0   0   0   0   0  38   1   0]
 [  0   0   0   0   0   0   0   0   0   0   0   0   0   0 109   0]
 [  1   0   0   0   1   1   1   1   0   0   1   0   0   0   0 131]]