
Accuracy_score
0.9184060721062619
f1_score
0.9177525090902282
Matthews_corrcoef
0.9115829496460907
C_Matrix
[[ 51   0   0   0   0   0   0   0   0   0   0   0   1   0   0   0]
 [  0  80   0   0   0   0   0   0   0   0   0   0   0   0   0   0]
 [  0   0 127   6   0   0   0   0   0   0   2   0   0   0   1   1]
 [  0   0  11 113   0   0   0   0   0   0   0   0   0   0   0   0]
 [  0   0   0   0  96   0   0   0  36   0   0   0   1   0   0   0]
 [  0   0   0   0   1   5   0   1   0   0   0   1   2   0   0   0]
 [  0   0   0   0   0   0 115   0   0   0   2   0   0   0   1   6]
 [  0   0   0   0   1   0   0 129   1   0   0   0   0   0   0   0]
 [  0   0   0   0  21   0   0   0 108   0   0   0   2   0   0   0]
 [  0   0   0   0   0   1   0   0   0   0   0   0   0   0   0   0]
 [  0   1   1   0   1   0   3   0   0   0 173   1   0   0   0   3]
 [  0   0   1   0   0   1   0   0   0   0   0  67   1   0   0   1]
 [  0   0   0   0   0   0   0   0   0   0   0   2 117   0   0   0]
 [  0   0   0   0   0   0   0   0   0   0   0   0   0  39   0   0]
 [  0   1   0   0   0   0   0   0   0   0   0   0   0   1 107   0]
 [  2   0   0   0   0   1   5   1   0   0   1   1   1   0   0 125]]