
Accuracy_score
0.9070208728652751
f1_score
0.906439078998138
Matthews_corrcoef
0.8991956520634988
C_Matrix
[[ 50   0   0   0   1   0   0   1   0   0   0   0   0   0   0   0]
 [  0  80   0   0   0   0   0   0   0   0   0   0   0   0   0   0]
 [  0   0 120  11   0   0   0   0   0   0   2   1   0   0   1   2]
 [  0   0   9 114   0   0   1   0   0   0   0   0   0   0   0   0]
 [  0   0   0   0 104   0   0   0  29   0   0   0   0   0   0   0]
 [  0   0   0   1   1   4   0   1   1   0   0   1   1   0   0   0]
 [  0   0   0   0   0   0 112   0   0   0   4   0   0   0   1   7]
 [  0   0   0   0   1   0   0 130   0   0   0   0   0   0   0   0]
 [  0   0   0   0  31   0   0   1  99   0   0   0   0   0   0   0]
 [  0   0   0   0   0   1   0   0   0   0   0   0   0   0   0   0]
 [  0   1   1   0   1   0   5   0   0   0 166   0   0   0   0   9]
 [  0   0   0   0   0   1   0   0   0   0   0  68   0   0   0   2]
 [  0   0   0   0   0   0   0   0   0   0   0   3 116   0   0   0]
 [  0   0   0   0   0   0   0   0   0   0   0   0   0  39   0   0]
 [  0   0   0   1   0   0   0   0   0   0   0   0   0   1 107   0]
 [  1   1   0   0   1   0   4   1   0   0   2   2   0   0   0 125]]