
Recall_score
0.9038583175205566
Precission
0.9044431006022658
Spesificy_score
0.9803921568627451
Accuracy_score
0.9038583175205566
Matthews_corrcoef
0.8959024694581178
f1_score
0.903153161763666
C_Matrix
[[ 50   0   0   0   0   0   0   0   0   0   0   0   2   0   0   0]
 [  0  80   0   0   0   0   0   0   0   0   0   0   0   0   0   0]
 [  0   0 122  10   0   0   1   0   0   0   2   1   0   0   1   0]
 [  0   0  10 112   0   0   0   0   0   0   1   0   0   0   0   1]
 [  0   0   0   0  92   0   0   0  37   0   0   0   4   0   0   0]
 [  0   0   0   0   0   7   0   1   0   0   0   0   2   0   0   0]
 [  0   0   0   0   0   0 109   0   0   0   4   0   0   0   1  10]
 [  0   0   0   0   0   0   0 128   1   0   1   0   1   0   0   0]
 [  0   0   0   0  18   0   0   1 108   0   0   0   4   0   0   0]
 [  0   0   1   0   0   0   0   0   0   0   0   0   0   0   0   0]
 [  0   1   1   0   1   1   3   0   0   0 167   1   0   0   0   8]
 [  0   0   2   0   0   0   0   0   0   0   0  67   1   0   0   1]
 [  0   0   0   0   1   0   0   0   0   0   0   3 115   0   0   0]
 [  0   0   0   0   0   0   0   0   0   0   0   0   0  39   0   0]
 [  0   0   0   0   0   1   0   0   0   0   0   0   0   0 107   1]
 [  1   0   0   0   0   1   4   1   0   0   2   1   1   0   0 126]]