
Accuracy_score
0.9177735610373181
f1_score
0.916861804899913
Matthews_corrcoef
0.9113383290832827
C_Matrix
[[ 51   0   0   0   0   0   0   1   0   0   0   0   0   0   0   0]
 [  0  80   0   0   0   0   0   0   0   0   0   0   0   0   0   0]
 [  0   0 131   3   0   0   0   0   0   0   1   0   0   0   0   2]
 [  0   0  15 109   0   0   0   0   0   0   0   0   0   0   0   0]
 [  0   0   0   0  92   0   0   0  41   0   0   0   0   0   0   0]
 [  0   0   0   0   1   6   0   1   0   0   0   1   1   0   0   0]
 [  0   0   0   0   0   0 101   0   0   0  12   0   0   0   1  10]
 [  0   0   0   0   0   0   0 130   0   0   1   0   0   0   0   0]
 [  0   0   0   0  10   0   0   0 121   0   0   0   0   0   0   0]
 [  0   0   0   0   0   1   0   0   0   0   0   0   0   0   0   0]
 [  0   1   1   0   0   1   0   0   1   0 173   1   0   0   0   5]
 [  0   0   0   0   0   0   0   0   0   0   0  71   0   0   0   0]
 [  0   0   0   0   0   0   0   0   0   0   0   5 114   0   0   0]
 [  0   0   0   0   0   0   0   0   0   0   0   0   0  38   1   0]
 [  0   0   0   1   0   0   1   0   0   0   0   0   0   0 106   1]
 [  1   0   0   0   0   1   0   1   0   0   5   1   0   0   0 128]]