
Accuracy_score
0.9032258064516129
f1_score
0.901847978958488
Matthews_corrcoef
0.8952048060438428
C_Matrix
[[ 52   0   0   0   0   0   0   0   0   0   0   0   0   0   0   0]
 [  0  80   0   0   0   0   0   0   0   0   0   0   0   0   0   0]
 [  0   0 125   6   0   0   0   0   0   0   4   0   0   0   1   1]
 [  0   0   9 113   0   0   1   0   0   0   1   0   0   0   0   0]
 [  7   0   0   0  92   0   0   0  34   0   0   0   0   0   0   0]
 [  0   0   0   0   1   3   0   1   0   0   1   2   2   0   0   0]
 [  0   0   0   0   0   0 110   0   0   0   3   0   0   0   1  10]
 [  2   0   0   0   0   0   0 126   3   0   0   0   0   0   0   0]
 [  8   0   0   0  24   0   0   1  98   0   0   0   0   0   0   0]
 [  0   0   0   0   0   1   0   0   0   0   0   0   0   0   0   0]
 [  0   1   1   0   1   0   3   0   0   0 174   1   0   0   0   2]
 [  0   0   1   0   0   0   0   0   0   0   0  69   0   0   0   1]
 [  0   0   0   0   0   0   0   0   0   0   0   3 116   0   0   0]
 [  0   0   0   0   0   0   0   0   0   0   0   0   0  39   0   0]
 [  0   0   0   0   0   1   0   0   0   0   0   0   0   1 107   0]
 [  2   1   0   0   0   0   5   1   0   0   2   2   0   0   0 124]]