
Accuracy_score
0.9316888045540797
f1_score
0.9310242920373565
Matthews_corrcoef
0.9261433668443281
C_Matrix
[[ 52   0   0   0   0   0   0   0   0   0   0   0   0   0   0   0]
 [  0  80   0   0   0   0   0   0   0   0   0   0   0   0   0   0]
 [  0   0 122  10   0   0   0   0   0   0   4   0   0   0   0   1]
 [  0   0   4 119   0   0   1   0   0   0   0   0   0   0   0   0]
 [  2   0   0   0  97   0   0   0  34   0   0   0   0   0   0   0]
 [  0   0   1   0   0   8   0   0   0   0   0   0   1   0   0   0]
 [  0   0   1   0   0   0 116   0   0   0   3   0   0   0   0   4]
 [  0   0   0   0   0   0   0 130   1   0   0   0   0   0   0   0]
 [  0   0   0   0  12   0   0   0 119   0   0   0   0   0   0   0]
 [  0   0   0   0   0   0   0   0   0   0   0   0   1   0   0   0]
 [  0   1   0   0   1   0   6   2   0   0 170   0   0   0   0   3]
 [  0   0   0   0   0   0   0   0   0   0   1  69   0   0   0   1]
 [  0   0   0   0   0   0   0   0   0   0   0   2 117   0   0   0]
 [  0   0   0   0   0   0   0   0   0   0   0   0   0  38   1   0]
 [  0   0   0   0   0   0   0   0   0   0   0   0   0   0 108   1]
 [  0   0   0   0   0   1   6   0   0   0   1   1   0   0   0 128]]