
Accuracy_score
0.937381404174573
f1_score
0.9372243907426888
Matthews_corrcoef
0.9320870550283434
C_Matrix
[[ 52   0   0   0   0   0   0   0   0   0   0   0   0   0   0   0]
 [  0  80   0   0   0   0   0   0   0   0   0   0   0   0   0   0]
 [  0   0 126   6   0   1   0   0   0   0   2   1   0   0   0   1]
 [  0   0   7 117   0   0   0   0   0   0   0   0   0   0   0   0]
 [  0   0   0   0 106   0   0   1  26   0   0   0   0   0   0   0]
 [  0   0   0   0   0  10   0   0   0   0   0   0   0   0   0   0]
 [  0   0   1   0   1   0 119   0   0   0   1   0   0   0   0   2]
 [  0   0   0   0   0   0   0 128   0   0   2   0   1   0   0   0]
 [  0   0   0   0  22   0   0   0 109   0   0   0   0   0   0   0]
 [  0   0   0   0   0   1   0   0   0   0   0   0   0   0   0   0]
 [  0   1   0   0   1   1   4   1   0   0 173   0   0   0   0   2]
 [  0   0   0   0   0   0   0   0   0   0   1  68   1   0   0   1]
 [  0   0   0   0   1   0   0   0   0   0   0   3 115   0   0   0]
 [  0   0   0   0   0   0   0   0   0   0   0   0   0  39   0   0]
 [  0   0   0   0   0   0   0   0   0   0   0   0   0   0 109   0]
 [  0   0   0   0   0   0   1   0   0   0   4   1   0   0   0 131]]