
Accuracy_score
0.9209361163820367
f1_score
0.9201405132403674
Matthews_corrcoef
0.9144507313798239
C_Matrix
[[ 52   0   0   0   0   0   0   0   0   0   0   0   0   0   0   0]
 [  0  80   0   0   0   0   0   0   0   0   0   0   0   0   0   0]
 [  0   1 123  12   0   0   0   0   0   0   1   0   0   0   0   0]
 [  0   0   6 117   0   0   1   0   0   0   0   0   0   0   0   0]
 [  0   0   0   0  99   0   0   0  34   0   0   0   0   0   0   0]
 [  0   0   1   1   1   5   0   0   0   0   1   1   0   0   0   0]
 [  0   0   0   0   0   0 114   0   0   0   3   0   0   0   1   6]
 [  0   0   0   0   0   0   0 130   1   0   0   0   0   0   0   0]
 [  0   0   0   0  14   0   0   0 117   0   0   0   0   0   0   0]
 [  0   0   1   0   0   0   0   0   0   0   0   0   0   0   0   0]
 [  0   1   0   0   1   0   8   3   0   0 163   0   0   1   0   6]
 [  0   0   1   0   0   0   0   0   0   0   1  67   0   0   0   2]
 [  0   0   0   0   0   0   0   0   0   0   0   2 117   0   0   0]
 [  0   0   0   0   0   0   0   0   0   0   0   0   0  37   2   0]
 [  0   0   0   0   0   0   0   0   0   0   0   0   0   2 107   0]
 [  0   0   0   0   0   0   6   0   0   0   1   2   0   0   0 128]]