
Accuracy_score
0.9664769133459835
f1_score
0.9661858704109789
Matthews_corrcoef
0.9638038800558558
C_Matrix
[[ 52   0   0   0   0   0   0   0   0   0   0   0   0   0   0   0]
 [  0  80   0   0   0   0   0   0   0   0   0   0   0   0   0   0]
 [  0   1 132   2   0   0   0   0   0   0   1   0   0   0   0   1]
 [  0   0   1 122   0   0   1   0   0   0   0   0   0   0   0   0]
 [  0   0   0   0 109   0   0   0  24   0   0   0   0   0   0   0]
 [  0   0   0   0   0   9   0   0   1   0   0   0   0   0   0   0]
 [  0   0   0   0   0   0 119   0   0   0   1   0   0   0   0   4]
 [  0   0   0   0   0   0   0 131   0   0   0   0   0   0   0   0]
 [  0   0   0   0   5   0   0   0 126   0   0   0   0   0   0   0]
 [  0   0   0   0   0   1   0   0   0   0   0   0   0   0   0   0]
 [  0   0   0   0   0   0   1   1   0   0 180   0   0   0   0   1]
 [  0   0   0   0   0   0   0   0   0   0   0  68   0   0   0   3]
 [  0   0   0   0   0   0   0   0   0   0   0   0 119   0   0   0]
 [  0   0   0   0   0   0   0   0   0   0   0   0   0  38   1   0]
 [  0   0   0   0   0   0   0   0   0   0   0   0   0   0 109   0]
 [  0   0   0   0   0   1   1   0   0   0   0   0   0   0   1 134]]