
Recall_score
0.92662871600253
Precission
0.9283142547010395
Spesificy_score
0.9454545454545454
Accuracy_score
0.92662871600253
Matthews_corrcoef
0.920666525760916
f1_score
0.9261882810378548
C_Matrix
[[ 52   0   0   0   0   0   0   0   0   0   0   0   0   0   0   0]
 [  0  80   0   0   0   0   0   0   0   0   0   0   0   0   0   0]
 [  0   1 122  10   0   0   0   0   0   0   2   1   0   1   0   0]
 [  0   0   6 118   0   0   0   0   0   0   0   0   0   0   0   0]
 [  0   0   0   0  98   0   0   0  35   0   0   0   0   0   0   0]
 [  0   0   1   0   0   8   0   0   0   0   0   0   1   0   0   0]
 [  0   0   0   0   0   0 117   0   0   0   2   0   0   0   1   4]
 [  0   0   0   0   0   0   0 130   1   0   0   0   0   0   0   0]
 [  0   0   0   0  14   0   0   0 117   0   0   0   0   0   0   0]
 [  0   0   0   0   0   0   0   0   1   0   0   0   0   0   0   0]
 [  0   1   0   0   1   0  11   2   0   0 166   0   0   0   0   2]
 [  0   0   2   0   0   0   0   0   0   0   0  65   1   0   0   3]
 [  0   0   0   0   0   0   0   0   0   0   0   2 117   0   0   0]
 [  0   1   0   0   0   0   0   0   0   0   0   0   0  36   2   0]
 [  0   0   0   0   0   0   0   0   0   0   0   0   0   2 107   0]
 [  0   0   0   0   0   0   4   0   0   0   0   1   0   0   0 132]]