
Recall_score
0.9253636938646427
Precission
0.9276100535976042
Spesificy_score
0.9811320754716981
Accuracy_score
0.9253636938646427
Matthews_corrcoef
0.9193528683367456
f1_score
0.9243591144431202
C_Matrix
[[ 52   0   0   0   0   0   0   0   0   0   0   0   0   0   0   0]
 [  0  80   0   0   0   0   0   0   0   0   0   0   0   0   0   0]
 [  0   0 125  10   0   0   0   0   0   0   1   1   0   0   0   0]
 [  0   0   2 122   0   0   0   0   0   0   0   0   0   0   0   0]
 [  0   0   0   0  93   0   0   0  40   0   0   0   0   0   0   0]
 [  0   0   0   0   1   5   0   0   0   0   2   1   1   0   0   0]
 [  0   0   0   0   0   0 117   1   0   0   3   0   0   0   0   3]
 [  0   0   0   0   0   0   0 128   1   0   0   0   1   0   0   1]
 [  0   0   0   0  13   0   0   1 116   0   0   0   0   0   1   0]
 [  0   0   0   0   0   0   0   0   0   0   0   0   0   0   0   1]
 [  0   1   2   0   0   0   5   2   1   0 168   0   0   0   0   4]
 [  0   0   1   0   0   0   0   0   0   0   0  69   0   0   0   1]
 [  0   0   0   0   0   0   0   0   0   0   0   5 114   0   0   0]
 [  0   0   0   0   0   0   0   0   0   0   0   0   0  39   0   0]
 [  0   0   0   0   0   0   0   0   0   0   0   0   0   0 109   0]
 [  0   0   0   0   0   0   3   0   0   0   5   1   0   0   2 126]]