
Accuracy_score
0.9380139152435167
f1_score
0.9374882160568108
Matthews_corrcoef
0.9329278284108117
C_Matrix
[[ 52   0   0   0   0   0   0   0   0   0   0   0   0   0   0   0]
 [  0  80   0   0   0   0   0   0   0   0   0   0   0   0   0   0]
 [  0   0 122   9   0   1   0   0   0   0   1   4   0   0   0   0]
 [  0   0   4 119   0   0   0   0   0   0   0   1   0   0   0   0]
 [  0   0   0   0 110   0   0   0  23   0   0   0   0   0   0   0]
 [  0   0   0   0   0  10   0   0   0   0   0   0   0   0   0   0]
 [  0   0   0   0   0   0 121   0   0   0   1   0   0   0   0   2]
 [  1   0   0   0   0   0   0 130   0   0   0   0   0   0   0   0]
 [  0   0   0   0  18   0   0   4 108   0   0   0   1   0   0   0]
 [  0   0   0   1   0   0   0   0   0   0   0   0   0   0   0   0]
 [  0   1   1   0   1   0   6   5   0   0 165   0   0   0   0   4]
 [  0   0   0   0   0   0   0   0   0   0   0  71   0   0   0   0]
 [  0   0   0   0   0   0   0   0   0   0   0   5 114   0   0   0]
 [  0   0   0   0   0   0   0   0   0   0   0   0   0  38   1   0]
 [  0   0   0   0   0   0   0   0   0   0   0   0   0   0 109   0]
 [  0   0   0   0   0   0   2   0   0   0   0   1   0   0   0 134]]