
Accuracy_score
0.9626818469323213
f1_score
0.962243293471904
Matthews_corrcoef
0.9597412471580273
C_Matrix
[[ 52   0   0   0   0   0   0   0   0   0   0   0   0   0   0   0]
 [  0  80   0   0   0   0   0   0   0   0   0   0   0   0   0   0]
 [  0   0 133   4   0   0   0   0   0   0   0   0   0   0   0   0]
 [  0   0   4 120   0   0   0   0   0   0   0   0   0   0   0   0]
 [  0   0   0   0 106   0   0   0  27   0   0   0   0   0   0   0]
 [  0   0   0   0   0  10   0   0   0   0   0   0   0   0   0   0]
 [  0   0   0   0   0   0 119   0   0   0   0   0   0   0   0   5]
 [  1   0   0   0   0   0   0 130   0   0   0   0   0   0   0   0]
 [  0   0   0   0   4   0   0   0 127   0   0   0   0   0   0   0]
 [  0   0   0   0   0   0   0   0   0   0   0   0   0   0   0   1]
 [  0   1   0   0   0   0   1   1   0   0 179   0   0   0   0   1]
 [  0   0   0   0   0   0   0   0   0   0   0  70   0   0   0   1]
 [  0   0   0   0   0   0   0   0   0   0   0   1 118   0   0   0]
 [  0   1   0   0   0   0   0   0   0   0   0   0   0  37   1   0]
 [  0   0   0   0   0   0   0   0   0   0   0   0   0   0 109   0]
 [  0   0   0   0   0   0   2   0   0   0   2   1   0   0   0 132]]