
Accuracy_score
0.9354838709677419
f1_score
0.9349466236575947
Matthews_corrcoef
0.9301954632932314
C_Matrix
[[ 50   0   0   0   0   0   0   0   0   0   0   0   0   0   2   0]
 [  0  80   0   0   0   0   0   0   0   0   0   0   0   0   0   0]
 [  0   0 125   9   0   0   0   0   0   0   2   1   0   0   0   0]
 [  0   0   0 124   0   0   0   0   0   0   0   0   0   0   0   0]
 [  0   0   0   0 103   0   0   0  30   0   0   0   0   0   0   0]
 [  0   0   0   0   0   7   0   0   1   0   2   0   0   0   0   0]
 [  0   0   0   0   0   0 120   0   0   0   2   0   0   0   0   2]
 [  0   0   0   0   0   0   0 129   1   0   0   0   0   0   0   1]
 [  0   0   0   0  13   0   0   0 114   0   0   0   2   0   2   0]
 [  1   0   0   0   0   0   0   0   0   0   0   0   0   0   0   0]
 [  0   1   1   0   1   0   6   2   0   0 169   0   0   0   0   3]
 [  0   0   0   0   0   0   0   0   0   0   0  71   0   0   0   0]
 [  0   0   0   0   0   0   0   0   0   0   0   5 114   0   0   0]
 [  0   0   0   0   0   0   0   0   0   0   0   0   0  39   0   0]
 [  0   1   0   0   0   0   0   0   0   0   0   0   0   0 108   0]
 [  0   0   0   0   0   0   6   0   0   0   4   1   0   0   0 126]]