
Accuracy_score
0.9228336495888678
f1_score
0.9219972632325991
Matthews_corrcoef
0.9165999823717305
C_Matrix
[[ 52   0   0   0   0   0   0   0   0   0   0   0   0   0   0   0]
 [  0  80   0   0   0   0   0   0   0   0   0   0   0   0   0   0]
 [  0   0 129   7   0   0   0   0   0   0   1   0   0   0   0   0]
 [  0   0   7 117   0   0   0   0   0   0   0   0   0   0   0   0]
 [  0   0   0   0  90   0   0   0  43   0   0   0   0   0   0   0]
 [  0   0   0   0   1   6   0   0   0   0   1   0   2   0   0   0]
 [  0   0   0   0   0   0 117   0   0   0   1   0   0   0   1   5]
 [  1   0   0   0   0   0   0 129   0   0   0   0   1   0   0   0]
 [  0   0   0   0  15   0   0   0 115   0   0   0   0   0   1   0]
 [  0   0   0   0   0   0   0   0   0   0   0   0   0   0   0   1]
 [  0   1   0   0   1   0   5   1   1   0 170   0   0   0   0   4]
 [  0   0   0   0   0   0   0   0   0   0   0  69   0   0   0   2]
 [  0   0   0   1   0   0   0   0   0   0   0   5 113   0   0   0]
 [  0   0   0   0   0   0   0   0   0   0   0   0   0  39   0   0]
 [  0   0   0   0   0   0   0   0   0   0   0   0   0   0 109   0]
 [  0   0   0   0   0   0   5   0   0   0   5   2   0   0   1 124]]